CAL
SDR content brightness: 43
Gamma: 2.2
DESCRIPTOR "w=252 b=0 g=2.2"
ORIGINATOR "vcgt"
DEVICE_CLASS "DISPLAY"
COLOR_REP "RGB"

NUMBER_OF_FIELDS 4
BEGIN_DATA_FORMAT
RGB_I RGB_R RGB_G RGB_B
END_DATA_FORMAT

NUMBER_OF_SETS 1024
BEGIN_DATA
0.00000000000000	0.00000000000000	0.00000000000000	0.00000000000000
0.00097751710655	0.00000343108995	0.00000343108995	0.00000343108995
0.00195503421310	0.00000671163262	0.00000671163262	0.00000671163262
0.00293255131965	0.00001104636673	0.00001104636673	0.00001104636673
0.00391006842620	0.00001661410078	0.00001661410078	0.00001661410078
0.00488758553275	0.00002358447141	0.00002358447141	0.00002358447141
0.00586510263930	0.00003212940362	0.00003212940362	0.00003212940362
0.00684261974585	0.00004242517957	0.00004242517957	0.00004242517957
0.00782013685239	0.00005465276843	0.00005465276843	0.00005465276843
0.00879765395894	0.00006899772376	0.00006899772376	0.00006899772376
0.00977517106549	0.00008564992092	0.00008564992092	0.00008564992092
0.01075268817204	0.00010480324792	0.00010480324792	0.00010480324792
0.01173020527859	0.00012665526793	0.00012665526793	0.00012665526793
0.01270772238514	0.00015140688853	0.00015140688853	0.00015140688853
0.01368523949169	0.00017926202598	0.00017926202598	0.00017926202598
0.01466275659824	0.00021042727901	0.00021042727901	0.00021042727901
0.01564027370479	0.00024511160838	0.00024511160838	0.00024511160838
0.01661779081134	0.00028352602599	0.00028352602599	0.00028352602599
0.01759530791789	0.00032588329283	0.00032588329283	0.00032588329283
0.01857282502444	0.00037239762671	0.00037239762671	0.00037239762671
0.01955034213099	0.00042328441849	0.00042328441849	0.00042328441849
0.02052785923754	0.00047875996003	0.00047875996003	0.00047875996003
0.02150537634409	0.00053904118146	0.00053904118146	0.00053904118146
0.02248289345064	0.00060434539724	0.00060434539724	0.00060434539724
0.02346041055718	0.00067489006330	0.00067489006330	0.00067489006330
0.02443792766373	0.00075089254368	0.00075089254368	0.00075089254368
0.02541544477028	0.00083256988674	0.00083256988674	0.00083256988674
0.02639296187683	0.00092013861095	0.00092013861095	0.00092013861095
0.02737047898338	0.00101381450020	0.00101381450020	0.00101381450020
0.02834799608993	0.00111381240808	0.00111381240808	0.00111381240808
0.02932551319648	0.00122034607206	0.00122034607206	0.00122034607206
0.03030303030303	0.00133362793492	0.00133362793492	0.00133362793492
0.03128054740958	0.00145386897752	0.00145386897752	0.00145386897752
0.03225806451613	0.00158127855738	0.00158127855738	0.00158127855738
0.03323558162268	0.00171606425707	0.00171606425707	0.00171606425707
0.03421309872923	0.00185843174044	0.00185843174044	0.00185843174044
0.03519061583578	0.00200858461666	0.00200858461666	0.00200858461666
0.03616813294233	0.00216672431224	0.00216672431224	0.00216672431224
0.03714565004888	0.00233304994947	0.00233304994947	0.00233304994947
0.03812316715543	0.00250775823403	0.00250775823403	0.00250775823403
0.03910068426197	0.00269104334710	0.00269104334710	0.00269104334710
0.04007820136852	0.00288309684696	0.00288309684696	0.00288309684696
0.04105571847507	0.00308410757446	0.00308410757446	0.00308410757446
0.04203323558162	0.00329426156680	0.00329426156680	0.00329426156680
0.04301075268817	0.00351374197776	0.00351374197776	0.00351374197776
0.04398826979472	0.00374272900149	0.00374272900149	0.00374272900149
0.04496578690127	0.00398139980438	0.00398139980438	0.00398139980438
0.04594330400782	0.00422992846084	0.00422992846084	0.00422992846084
0.04692082111437	0.00448848589654	0.00448848589654	0.00448848589654
0.04789833822092	0.00475723983366	0.00475723983366	0.00475723983366
0.04887585532747	0.00503635474416	0.00503635474416	0.00503635474416
0.04985337243402	0.00532599180593	0.00532599180593	0.00532599180593
0.05083088954057	0.00562630886336	0.00562630886336	0.00562630886336
0.05180840664712	0.00593746039414	0.00593746039414	0.00593746039414
0.05278592375367	0.00625959747795	0.00625959747795	0.00625959747795
0.05376344086022	0.00659286777077	0.00659286777077	0.00659286777077
0.05474095796676	0.00693741548212	0.00693741548212	0.00693741548212
0.05571847507331	0.00729338135688	0.00729338135688	0.00729338135688
0.05669599217986	0.00766090265949	0.00766090265949	0.00766090265949
0.05767350928641	0.00804011316287	0.00804011316287	0.00804011316287
0.05865102639296	0.00843114313907	0.00843114313907	0.00843114313907
0.05962854349951	0.00883411935428	0.00883411935428	0.00883411935428
0.06060606060606	0.00924916506589	0.00924916506589	0.00924916506589
0.06158357771261	0.00967640002353	0.00967640002353	0.00967640002353
0.06256109481916	0.01011594047035	0.01011594047035	0.01011594047035
0.06353861192571	0.01056789914998	0.01056789914998	0.01056789914998
0.06451612903226	0.01103238531327	0.01103238531327	0.01103238531327
0.06549364613881	0.01150950472923	0.01150950472923	0.01150950472923
0.06647116324536	0.01199935969655	0.01199935969655	0.01199935969655
0.06744868035191	0.01250204905753	0.01250204905753	0.01250204905753
0.06842619745846	0.01301766821590	0.01301766821590	0.01301766821590
0.06940371456500	0.01354630915332	0.01354630915332	0.01354630915332
0.07038123167155	0.01408806044974	0.01408806044974	0.01408806044974
0.07135874877810	0.01464300730416	0.01464300730416	0.01464300730416
0.07233626588465	0.01521123155955	0.01521123155955	0.01521123155955
0.07331378299120	0.01579281172462	0.01579281172462	0.01579281172462
0.07429130009775	0.01638782300152	0.01638782300152	0.01638782300152
0.07526881720430	0.01699633731167	0.01699633731167	0.01699633731167
0.07624633431085	0.01761842332537	0.01761842332537	0.01761842332537
0.07722385141740	0.01825414648890	0.01825414648890	0.01825414648890
0.07820136852395	0.01890356905779	0.01890356905779	0.01890356905779
0.07917888563050	0.01956675012595	0.01956675012595	0.01956675012595
0.08015640273705	0.02024374565795	0.02024374565795	0.02024374565795
0.08113391984360	0.02093460852430	0.02093460852430	0.02093460852430
0.08211143695015	0.02163938853199	0.02163938853199	0.02163938853199
0.08308895405670	0.02235813246194	0.02235813246194	0.02235813246194
0.08406647116325	0.02309088410297	0.02309088410297	0.02309088410297
0.08504398826979	0.02383768428681	0.02383768428681	0.02383768428681
0.08602150537634	0.02459857092616	0.02459857092616	0.02459857092616
0.08699902248289	0.02537357904979	0.02537357904979	0.02537357904979
0.08797653958944	0.02616274084100	0.02616274084100	0.02616274084100
0.08895405669599	0.02696608567443	0.02696608567443	0.02696608567443
0.08993157380254	0.02778364015426	0.02778364015426	0.02778364015426
0.09090909090909	0.02861542815301	0.02861542815301	0.02861542815301
0.09188660801564	0.02946147084872	0.02946147084872	0.02946147084872
0.09286412512219	0.03032178676504	0.03032178676504	0.03032178676504
0.09384164222874	0.03119639180913	0.03119639180913	0.03119639180913
0.09481915933529	0.03208529931161	0.03208529931161	0.03208529931161
0.09579667644184	0.03298852006428	0.03298852006428	0.03298852006428
0.09677419354839	0.03390606236162	0.03390606236162	0.03390606236162
0.09775171065494	0.03483793203709	0.03483793203709	0.03483793203709
0.09872922776149	0.03578413250510	0.03578413250510	0.03578413250510
0.09970674486804	0.03674466479818	0.03674466479818	0.03674466479818
0.10068426197458	0.03771952760804	0.03771952760804	0.03771952760804
0.10166177908113	0.03870871732354	0.03870871732354	0.03870871732354
0.10263929618768	0.03971222806910	0.03971222806910	0.03971222806910
0.10361681329423	0.04073005174568	0.04073005174568	0.04073005174568
0.10459433040078	0.04176217806763	0.04176217806763	0.04176217806763
0.10557184750733	0.04280859460256	0.04280859460256	0.04280859460256
0.10654936461388	0.04386928680963	0.04386928680963	0.04386928680963
0.10752688172043	0.04494423807649	0.04494423807649	0.04494423807649
0.10850439882698	0.04603342975959	0.04603342975959	0.04603342975959
0.10948191593353	0.04713684122022	0.04713684122022	0.04713684122022
0.11045943304008	0.04825444986306	0.04825444986306	0.04825444986306
0.11143695014663	0.04938623117257	0.04938623117257	0.04938623117257
0.11241446725318	0.05053215875156	0.05053215875156	0.05053215875156
0.11339198435973	0.05169220435634	0.05169220435634	0.05169220435634
0.11436950146628	0.05286633793414	0.05286633793414	0.05286633793414
0.11534701857283	0.05405452765961	0.05405452765961	0.05405452765961
0.11632453567937	0.05525673996985	0.05525673996985	0.05525673996985
0.11730205278592	0.05647293959994	0.05647293959994	0.05647293959994
0.11827956989247	0.05770308961887	0.05770308961887	0.05770308961887
0.11925708699902	0.05894715146417	0.05894715146417	0.05894715146417
0.12023460410557	0.06020508497584	0.06020508497584	0.06020508497584
0.12121212121212	0.06147684843162	0.06147684843162	0.06147684843162
0.12218963831867	0.06276239857971	0.06276239857971	0.06276239857971
0.12316715542522	0.06406169067221	0.06406169067221	0.06406169067221
0.12414467253177	0.06537467849960	0.06537467849960	0.06537467849960
0.12512218963832	0.06670131442145	0.06670131442145	0.06670131442145
0.12609970674487	0.06804154939997	0.06804154939997	0.06804154939997
0.12707722385142	0.06939533303184	0.06939533303184	0.06939533303184
0.12805474095797	0.07076261357922	0.07076261357922	0.07076261357922
0.12903225806452	0.07214333800077	0.07214333800077	0.07214333800077
0.13000977517107	0.07353745198334	0.07353745198334	0.07353745198334
0.13098729227761	0.07494489997149	0.07494489997149	0.07494489997149
0.13196480938416	0.07636562519688	0.07636562519688	0.07636562519688
0.13294232649071	0.07779956970959	0.07779956970959	0.07779956970959
0.13391984359726	0.07924667440490	0.07924667440490	0.07924667440490
0.13489736070381	0.08070687905423	0.08070687905423	0.08070687905423
0.13587487781036	0.08218012233188	0.08218012233188	0.08218012233188
0.13685239491691	0.08366634184361	0.08366634184361	0.08366634184361
0.13782991202346	0.08516547415384	0.08516547415384	0.08516547415384
0.13880742913001	0.08665827648305	0.08665827648305	0.08665827648305
0.13978494623656	0.08813815224529	0.08813815224529	0.08813815224529
0.14076246334311	0.08961337514724	0.08961337514724	0.08961337514724
0.14173998044966	0.09108399576378	0.09108399576378	0.09108399576378
0.14271749755621	0.09255006448358	0.09255006448358	0.09255006448358
0.14369501466276	0.09401163145025	0.09401163145025	0.09401163145025
0.14467253176931	0.09546874651068	0.09546874651068	0.09546874651068
0.14565004887586	0.09692145916863	0.09692145916863	0.09692145916863
0.14662756598240	0.09836981854784	0.09836981854784	0.09836981854784
0.14760508308895	0.09981387335559	0.09981387335559	0.09981387335559
0.14858260019550	0.10125367185559	0.10125367185559	0.10125367185559
0.14956011730205	0.10268926184178	0.10268926184178	0.10268926184178
0.15053763440860	0.10412069061740	0.10412069061740	0.10412069061740
0.15151515151515	0.10554800497718	0.10554800497718	0.10554800497718
0.15249266862170	0.10697125119249	0.10697125119249	0.10697125119249
0.15347018572825	0.10839047499828	0.10839047499828	0.10839047499828
0.15444770283480	0.10980572158410	0.10980572158410	0.10980572158410
0.15542521994135	0.11121703558580	0.11121703558580	0.11121703558580
0.15640273704790	0.11262446107928	0.11262446107928	0.11262446107928
0.15738025415445	0.11402804157636	0.11402804157636	0.11402804157636
0.15835777126100	0.11542782002190	0.11542782002190	0.11542782002190
0.15933528836755	0.11682383879266	0.11682383879266	0.11682383879266
0.16031280547410	0.11821613969601	0.11821613969601	0.11821613969601
0.16129032258065	0.11960476397137	0.11960476397137	0.11960476397137
0.16226783968719	0.12098975229160	0.12098975229160	0.12098975229160
0.16324535679374	0.12237114476491	0.12237114476491	0.12237114476491
0.16422287390029	0.12374898093861	0.12374898093861	0.12374898093861
0.16520039100684	0.12512329980244	0.12512329980244	0.12512329980244
0.16617790811339	0.12649413979266	0.12649413979266	0.12649413979266
0.16715542521994	0.12786153879731	0.12786153879731	0.12786153879731
0.16813294232649	0.12922553416070	0.12922553416070	0.12922553416070
0.16911045943304	0.13058616268963	0.13058616268963	0.13058616268963
0.17008797653959	0.13194346065863	0.13194346065863	0.13194346065863
0.17106549364614	0.13329746381608	0.13329746381608	0.13329746381608
0.17204301075269	0.13464820739102	0.13464820739102	0.13464820739102
0.17302052785924	0.13599572609908	0.13599572609908	0.13599572609908
0.17399804496579	0.13734005414962	0.13734005414962	0.13734005414962
0.17497556207234	0.13868122525186	0.13868122525186	0.13868122525186
0.17595307917889	0.14001927262253	0.14001927262253	0.14001927262253
0.17693059628544	0.14135422899217	0.14135422899217	0.14135422899217
0.17790811339198	0.14268612661262	0.14268612661262	0.14268612661262
0.17888563049853	0.14401499726364	0.14401499726364	0.14401499726364
0.17986314760508	0.14534087226034	0.14534087226034	0.14534087226034
0.18084066471163	0.14666378246008	0.14666378246008	0.14666378246008
0.18181818181818	0.14798375826949	0.14798375826949	0.14798375826949
0.18279569892473	0.14930082965156	0.14930082965156	0.14930082965156
0.18377321603128	0.15061502613279	0.15061502613279	0.15061502613279
0.18475073313783	0.15192637680980	0.15192637680980	0.15192637680980
0.18572825024438	0.15323491035678	0.15323491035678	0.15323491035678
0.18670576735093	0.15454065503175	0.15454065503175	0.15454065503175
0.18768328445748	0.15584363868380	0.15584363868380	0.15584363868380
0.18866080156403	0.15714388875959	0.15714388875959	0.15714388875959
0.18963831867058	0.15844143231037	0.15844143231037	0.15844143231037
0.19061583577713	0.15973629599790	0.15973629599790	0.15973629599790
0.19159335288368	0.16102850610160	0.16102850610160	0.16102850610160
0.19257086999022	0.16231808852465	0.16231808852465	0.16231808852465
0.19354838709677	0.16360506880047	0.16360506880047	0.16360506880047
0.19452590420332	0.16488947209871	0.16488947209871	0.16488947209871
0.19550342130987	0.16617132323168	0.16617132323168	0.16617132323168
0.19648093841642	0.16745064666037	0.16745064666037	0.16745064666037
0.19745845552297	0.16872746650026	0.16872746650026	0.16872746650026
0.19843597262952	0.17000180652730	0.17000180652730	0.17000180652730
0.19941348973607	0.17127369018369	0.17127369018369	0.17127369018369
0.20039100684262	0.17254314058383	0.17254314058383	0.17254314058383
0.20136852394917	0.17381018051919	0.17381018051919	0.17381018051919
0.20234604105572	0.17507483246464	0.17507483246464	0.17507483246464
0.20332355816227	0.17633711858348	0.17633711858348	0.17633711858348
0.20430107526882	0.17759706073255	0.17759706073255	0.17759706073255
0.20527859237537	0.17885468046798	0.17885468046798	0.17885468046798
0.20625610948192	0.18010999904978	0.18010999904978	0.18010999904978
0.20723362658847	0.18136303744729	0.18136303744729	0.18136303744729
0.20821114369501	0.18261381634393	0.18261381634393	0.18261381634393
0.20918866080156	0.18386235614196	0.18386235614196	0.18386235614196
0.21016617790811	0.18510867696755	0.18510867696755	0.18510867696755
0.21114369501466	0.18635279867534	0.18635279867534	0.18635279867534
0.21212121212121	0.18759474085281	0.18759474085281	0.18759474085281
0.21309872922776	0.18883452282515	0.18883452282515	0.18883452282515
0.21407624633431	0.19007216365951	0.19007216365951	0.19007216365951
0.21505376344086	0.19130768216932	0.19130768216932	0.19130768216932
0.21603128054741	0.19254109691859	0.19254109691859	0.19254109691859
0.21700879765396	0.19377242622619	0.19377242622619	0.19377242622619
0.21798631476051	0.19500168816991	0.19500168816991	0.19500168816991
0.21896383186706	0.19622890059031	0.19622890059031	0.19622890059031
0.21994134897361	0.19745408109492	0.19745408109492	0.19745408109492
0.22091886608016	0.19867724706215	0.19867724706215	0.19867724706215
0.22189638318671	0.19989841564471	0.19989841564471	0.19989841564471
0.22287390029326	0.20111760377387	0.20111760377387	0.20111760377387
0.22385141739980	0.20233482816270	0.20233482816270	0.20233482816270
0.22482893450635	0.20355010531000	0.20355010531000	0.20355010531000
0.22580645161290	0.20476345150344	0.20476345150344	0.20476345150344
0.22678396871945	0.20597488282344	0.20597488282344	0.20597488282344
0.22776148582600	0.20718441514622	0.20718441514622	0.20718441514622
0.22873900293255	0.20839206414730	0.20839206414730	0.20839206414730
0.22971652003910	0.20959784530488	0.20959784530488	0.20959784530488
0.23069403714565	0.21080177390268	0.21080177390268	0.21080177390268
0.23167155425220	0.21200386503354	0.21200386503354	0.21200386503354
0.23264907135875	0.21320413360211	0.21320413360211	0.21320413360211
0.23362658846530	0.21440259432804	0.21440259432804	0.21440259432804
0.23460410557185	0.21559926174905	0.21559926174905	0.21559926174905
0.23558162267840	0.21679415022369	0.21679415022369	0.21679415022369
0.23655913978495	0.21798727393431	0.21798727393431	0.21798727393431
0.23753665689150	0.21917864688970	0.21917864688970	0.21917864688970
0.23851417399804	0.22036828292801	0.22036828292801	0.22036828292801
0.23949169110459	0.22155619571941	0.22155619571941	0.22155619571941
0.24046920821114	0.22274239876873	0.22274239876873	0.22274239876873
0.24144672531769	0.22392690541801	0.22392690541801	0.22392690541801
0.24242424242424	0.22510972884911	0.22510972884911	0.22510972884911
0.24340175953079	0.22629088208626	0.22629088208626	0.22629088208626
0.24437927663734	0.22747037799838	0.22747037799838	0.22747037799838
0.24535679374389	0.22864822930155	0.22864822930155	0.22864822930155
0.24633431085044	0.22982444856159	0.22982444856159	0.22982444856159
0.24731182795699	0.23099904819605	0.23099904819605	0.23099904819605
0.24828934506354	0.23217204047663	0.23217204047663	0.23217204047663
0.24926686217009	0.23334343753153	0.23334343753153	0.23334343753153
0.25024437927664	0.23451325134749	0.23451325134749	0.23451325134749
0.25122189638319	0.23568149377210	0.23568149377210	0.23568149377210
0.25219941348974	0.23684817651570	0.23684817651570	0.23684817651570
0.25317693059629	0.23801331115376	0.23801331115376	0.23801331115376
0.25415444770283	0.23917690912864	0.23917690912864	0.23917690912864
0.25513196480938	0.24033898175187	0.24033898175187	0.24033898175187
0.25610948191593	0.24149954020586	0.24149954020586	0.24149954020586
0.25708699902248	0.24265859554599	0.24265859554599	0.24265859554599
0.25806451612903	0.24381615870250	0.24381615870250	0.24381615870250
0.25904203323558	0.24497224048242	0.24497224048242	0.24497224048242
0.26001955034213	0.24612685157115	0.24612685157115	0.24612685157115
0.26099706744868	0.24728000253458	0.24728000253458	0.24728000253458
0.26197458455523	0.24843170382078	0.24843170382078	0.24843170382078
0.26295210166178	0.24958196576153	0.24958196576153	0.24958196576153
0.26392961876833	0.25073079857425	0.25073079857425	0.25073079857425
0.26490713587488	0.25187821236377	0.25187821236377	0.25187821236377
0.26588465298143	0.25302421712360	0.25302421712360	0.25302421712360
0.26686217008798	0.25416882273796	0.25416882273796	0.25416882273796
0.26783968719453	0.25531203898315	0.25531203898315	0.25531203898315
0.26881720430108	0.25645387552917	0.25645387552917	0.25645387552917
0.26979472140762	0.25759434194129	0.25759434194129	0.25759434194129
0.27077223851417	0.25873344768159	0.25873344768159	0.25873344768159
0.27174975562072	0.25987120211031	0.25987120211031	0.25987120211031
0.27272727272727	0.26100761448744	0.26100761448744	0.26100761448744
0.27370478983382	0.26214269397422	0.26214269397422	0.26214269397422
0.27468230694037	0.26327644963441	0.26327644963441	0.26327644963441
0.27565982404692	0.26440889043570	0.26440889043570	0.26440889043570
0.27663734115347	0.26554002525118	0.26554002525118	0.26554002525118
0.27761485826002	0.26666986286062	0.26666986286062	0.26666986286062
0.27859237536657	0.26779841195187	0.26779841195187	0.26779841195187
0.27956989247312	0.26892568112204	0.26892568112204	0.26892568112204
0.28054740957967	0.27005167887878	0.27005167887878	0.27005167887878
0.28152492668622	0.27117641364180	0.27117641364180	0.27117641364180
0.28250244379277	0.27229989374375	0.27229989374375	0.27229989374375
0.28347996089932	0.27342212743167	0.27342212743167	0.27342212743167
0.28445747800587	0.27454312286818	0.27454312286818	0.27454312286818
0.28543499511241	0.27566288813256	0.27566288813256	0.27566288813256
0.28641251221896	0.27678143122204	0.27678143122204	0.27678143122204
0.28739002932551	0.27789876005280	0.27789876005280	0.27789876005280
0.28836754643206	0.27901488246127	0.27901488246127	0.27901488246127
0.28934506353861	0.28012980620508	0.28012980620508	0.28012980620508
0.29032258064516	0.28124353896426	0.28124353896426	0.28124353896426
0.29130009775171	0.28235608834227	0.28235608834227	0.28235608834227
0.29227761485826	0.28346746186712	0.28346746186712	0.28346746186712
0.29325513196481	0.28457766699229	0.28457766699229	0.28457766699229
0.29423264907136	0.28568671109788	0.28568671109788	0.28568671109788
0.29521016617791	0.28679460149163	0.28679460149163	0.28679460149163
0.29618768328446	0.28790134540974	0.28790134540974	0.28790134540974
0.29716520039101	0.28900695001814	0.28900695001814	0.28900695001814
0.29814271749756	0.29011142241317	0.29011142241317	0.29011142241317
0.29912023460411	0.29121476962270	0.29121476962270	0.29121476962270
0.30009775171065	0.29231699860707	0.29231699860707	0.29231699860707
0.30107526881720	0.29341811625992	0.29341811625992	0.29341811625992
0.30205278592375	0.29451812940927	0.29451812940927	0.29451812940927
0.30303030303030	0.29561704481820	0.29561704481820	0.29561704481820
0.30400782013685	0.29671486918586	0.29671486918586	0.29671486918586
0.30498533724340	0.29781160914844	0.29781160914844	0.29781160914844
0.30596285434995	0.29890727127981	0.29890727127981	0.29890727127981
0.30694037145650	0.30000186209252	0.30000186209252	0.30000186209252
0.30791788856305	0.30109538803864	0.30109538803864	0.30109538803864
0.30889540566960	0.30218785551051	0.30218785551051	0.30218785551051
0.30987292277615	0.30327927084164	0.30327927084164	0.30327927084164
0.31085043988270	0.30436964030743	0.30436964030743	0.30436964030743
0.31182795698925	0.30545897012599	0.30545897012599	0.30545897012599
0.31280547409580	0.30654726645900	0.30654726645900	0.30654726645900
0.31378299120235	0.30763453541238	0.30763453541238	0.30763453541238
0.31476050830890	0.30872078303707	0.30872078303707	0.30872078303707
0.31573802541544	0.30980601532983	0.30980601532983	0.30980601532983
0.31671554252199	0.31089023823395	0.31089023823395	0.31089023823395
0.31769305962854	0.31197345763996	0.31197345763996	0.31197345763996
0.31867057673509	0.31305567938644	0.31305567938644	0.31305567938644
0.31964809384164	0.31413690926057	0.31413690926057	0.31413690926057
0.32062561094819	0.31521715299905	0.31521715299905	0.31521715299905
0.32160312805474	0.31629641628856	0.31629641628856	0.31629641628856
0.32258064516129	0.31737470476670	0.31737470476670	0.31737470476670
0.32355816226784	0.31845202402242	0.31845202402242	0.31845202402242
0.32453567937439	0.31952837959685	0.31952837959685	0.31952837959685
0.32551319648094	0.32060377698395	0.32060377698395	0.32060377698395
0.32649071358749	0.32167822163108	0.32167822163108	0.32167822163108
0.32746823069404	0.32275171893971	0.32275171893971	0.32275171893971
0.32844574780059	0.32382427426611	0.32382427426611	0.32382427426611
0.32942326490714	0.32489589292179	0.32489589292179	0.32489589292179
0.33040078201369	0.32596658017437	0.32596658017437	0.32596658017437
0.33137829912023	0.32703634124800	0.32703634124800	0.32703634124800
0.33235581622678	0.32810518132411	0.32810518132411	0.32810518132411
0.33333333333333	0.32917310554190	0.32917310554190	0.32917310554190
0.33431085043988	0.33024011899898	0.33024011899898	0.33024011899898
0.33528836754643	0.33130622675202	0.33130622675202	0.33130622675202
0.33626588465298	0.33237143381722	0.33237143381722	0.33237143381722
0.33724340175953	0.33343574517096	0.33343574517096	0.33343574517096
0.33822091886608	0.33449916575037	0.33449916575037	0.33449916575037
0.33919843597263	0.33556170045384	0.33556170045384	0.33556170045384
0.34017595307918	0.33662335414166	0.33662335414166	0.33662335414166
0.34115347018573	0.33768413163652	0.33768413163652	0.33768413163652
0.34213098729228	0.33874403772404	0.33874403772404	0.33874403772404
0.34310850439883	0.33980307715334	0.33980307715334	0.33980307715334
0.34408602150538	0.34086125463760	0.34086125463760	0.34086125463760
0.34506353861193	0.34191857485455	0.34191857485455	0.34191857485455
0.34604105571848	0.34297504244702	0.34297504244702	0.34297504244702
0.34701857282502	0.34403066202341	0.34403066202341	0.34403066202341
0.34799608993157	0.34508543815830	0.34508543815830	0.34508543815830
0.34897360703812	0.34613937539286	0.34613937539286	0.34613937539286
0.34995112414467	0.34719247823547	0.34719247823547	0.34719247823547
0.35092864125122	0.34824475116207	0.34824475116207	0.34824475116207
0.35190615835777	0.34929619861681	0.34929619861681	0.34929619861681
0.35288367546432	0.35034682501244	0.35034682501244	0.35034682501244
0.35386119257087	0.35139663473083	0.35139663473083	0.35139663473083
0.35483870967742	0.35244563212351	0.35244563212351	0.35244563212351
0.35581622678397	0.35349382151203	0.35349382151203	0.35349382151203
0.35679374389052	0.35454120718856	0.35454120718856	0.35454120718856
0.35777126099707	0.35558779341626	0.35558779341626	0.35558779341626
0.35874877810362	0.35663358442983	0.35663358442983	0.35663358442983
0.35972629521017	0.35767858443595	0.35767858443595	0.35767858443595
0.36070381231672	0.35872279761370	0.35872279761370	0.35872279761370
0.36168132942326	0.35976622811507	0.35976622811507	0.35976622811507
0.36265884652981	0.36080888006542	0.36080888006542	0.36080888006542
0.36363636363636	0.36185075756386	0.36185075756386	0.36185075756386
0.36461388074291	0.36289186468378	0.36289186468378	0.36289186468378
0.36559139784946	0.36393220547328	0.36393220547328	0.36393220547328
0.36656891495601	0.36497178395552	0.36497178395552	0.36497178395552
0.36754643206256	0.36601060412932	0.36601060412932	0.36601060412932
0.36852394916911	0.36704866996948	0.36704866996948	0.36704866996948
0.36950146627566	0.36808598542723	0.36808598542723	0.36808598542723
0.37047898338221	0.36912255443065	0.36912255443065	0.36912255443065
0.37145650048876	0.37015838088520	0.37015838088520	0.37015838088520
0.37243401759531	0.37119346867402	0.37119346867402	0.37119346867402
0.37341153470186	0.37222782165840	0.37222782165840	0.37222782165840
0.37438905180841	0.37326144367821	0.37326144367821	0.37326144367821
0.37536656891496	0.37429433855232	0.37429433855232	0.37429433855232
0.37634408602151	0.37532651007903	0.37532651007903	0.37532651007903
0.37732160312805	0.37635796203642	0.37635796203642	0.37635796203642
0.37829912023460	0.37738869818283	0.37738869818283	0.37738869818283
0.37927663734115	0.37841872225725	0.37841872225725	0.37841872225725
0.38025415444770	0.37944803797976	0.37944803797976	0.37944803797976
0.38123167155425	0.38047664905183	0.38047664905183	0.38047664905183
0.38220918866080	0.38150455915683	0.38150455915683	0.38150455915683
0.38318670576735	0.38253177196042	0.38253177196042	0.38253177196042
0.38416422287390	0.38355829111095	0.38355829111095	0.38355829111095
0.38514173998045	0.38458412023978	0.38458412023978	0.38458412023978
0.38611925708700	0.38560926296179	0.38560926296179	0.38560926296179
0.38709677419355	0.38663372287571	0.38663372287571	0.38663372287571
0.38807429130010	0.38765750356456	0.38765750356456	0.38765750356456
0.38905180840665	0.38868060859601	0.38868060859601	0.38868060859601
0.39002932551320	0.38970304152280	0.38970304152280	0.38970304152280
0.39100684261975	0.39072480588303	0.39072480588303	0.39072480588303
0.39198435972630	0.39174590520078	0.39174590520078	0.39174590520078
0.39296187683284	0.39276634298626	0.39276634298626	0.39276634298626
0.39393939393939	0.39378612273631	0.39378612273631	0.39378612273631
0.39491691104594	0.39480524793481	0.39480524793481	0.39480524793481
0.39589442815249	0.39582372205303	0.39582372205303	0.39582372205303
0.39687194525904	0.39684154855000	0.39684154855000	0.39684154855000
0.39784946236559	0.39785873087294	0.39785873087294	0.39785873087294
0.39882697947214	0.39887527245757	0.39887527245757	0.39887527245757
0.39980449657869	0.39989117672864	0.39989117672864	0.39989117672864
0.40078201368524	0.40090644710015	0.40090644710015	0.40090644710015
0.40175953079179	0.40192108697585	0.40192108697585	0.40192108697585
0.40273704789834	0.40293509974957	0.40293509974957	0.40293509974957
0.40371456500489	0.40394848880559	0.40394848880559	0.40394848880559
0.40469208211144	0.40496125751909	0.40496125751909	0.40496125751909
0.40566959921799	0.40597340925647	0.40597340925647	0.40597340925647
0.40664711632454	0.40698494737576	0.40698494737576	0.40698494737576
0.40762463343109	0.40799587522701	0.40799587522701	0.40799587522701
0.40860215053763	0.40900619615262	0.40900619615262	0.40900619615262
0.40957966764418	0.41001591348782	0.41001591348782	0.41001591348782
0.41055718475073	0.41102503056097	0.41102503056097	0.41102503056097
0.41153470185728	0.41203355069396	0.41203355069396	0.41203355069396
0.41251221896383	0.41304147720260	0.41304147720260	0.41304147720260
0.41348973607038	0.41404881339705	0.41404881339705	0.41404881339705
0.41446725317693	0.41505556258212	0.41505556258212	0.41505556258212
0.41544477028348	0.41606172805770	0.41606172805770	0.41606172805770
0.41642228739003	0.41706731311916	0.41706731311916	0.41706731311916
0.41739980449658	0.41807232105769	0.41807232105769	0.41807232105769
0.41837732160313	0.41907675516073	0.41907675516073	0.41907675516073
0.41935483870968	0.42008061871234	0.42008061871234	0.42008061871234
0.42033235581623	0.42108391499357	0.42108391499357	0.42108391499357
0.42130987292278	0.42208664728287	0.42208664728287	0.42208664728287
0.42228739002933	0.42308881885649	0.42308881885649	0.42308881885649
0.42326490713587	0.42409043298880	0.42409043298880	0.42409043298880
0.42424242424242	0.42509149295279	0.42509149295279	0.42509149295279
0.42521994134897	0.42609200202036	0.42609200202036	0.42609200202036
0.42619745845552	0.42709196346280	0.42709196346280	0.42709196346280
0.42717497556207	0.42809138055108	0.42809138055108	0.42809138055108
0.42815249266862	0.42909025655635	0.42909025655635	0.42909025655635
0.42913000977517	0.43008859475026	0.43008859475026	0.43008859475026
0.43010752688172	0.43108639840541	0.43108639840541	0.43108639840541
0.43108504398827	0.43208367079569	0.43208367079569	0.43208367079569
0.43206256109482	0.43308041519675	0.43308041519675	0.43308041519675
0.43304007820137	0.43407663488633	0.43407663488633	0.43407663488633
0.43401759530792	0.43507233314472	0.43507233314472	0.43507233314472
0.43499511241447	0.43606751325513	0.43606751325513	0.43606751325513
0.43597262952102	0.43706217850409	0.43706217850409	0.43706217850409
0.43695014662757	0.43805633218191	0.43805633218191	0.43805633218191
0.43792766373412	0.43904997758301	0.43904997758301	0.43904997758301
0.43890518084066	0.44004311800638	0.44004311800638	0.44004311800638
0.43988269794721	0.44103575675601	0.44103575675601	0.44103575675601
0.44086021505376	0.44202789714125	0.44202789714125	0.44202789714125
0.44183773216031	0.44301954247726	0.44301954247726	0.44301954247726
0.44281524926686	0.44401069608541	0.44401069608541	0.44401069608541
0.44379276637341	0.44500136129372	0.44500136129372	0.44500136129372
0.44477028347996	0.44599154143726	0.44599154143726	0.44599154143726
0.44574780058651	0.44698123985862	0.44698123985862	0.44698123985862
0.44672531769306	0.44797045990824	0.44797045990824	0.44797045990824
0.44770283479961	0.44895920494496	0.44895920494496	0.44895920494496
0.44868035190616	0.44994747833636	0.44994747833636	0.44994747833636
0.44965786901271	0.45093528345922	0.45093528345922	0.45093528345922
0.45063538611926	0.45192262369998	0.45192262369998	0.45192262369998
0.45161290322581	0.45290950245511	0.45290950245511	0.45290950245511
0.45259042033236	0.45389592313166	0.45389592313166	0.45389592313166
0.45356793743891	0.45488188914759	0.45488188914759	0.45488188914759
0.45454545454545	0.45586740393228	0.45586740393228	0.45586740393228
0.45552297165200	0.45685247092697	0.45685247092697	0.45685247092697
0.45650048875855	0.45783709358518	0.45783709358518	0.45783709358518
0.45747800586510	0.45882127537322	0.45882127537322	0.45882127537322
0.45845552297165	0.45980501977058	0.45980501977058	0.45980501977058
0.45943304007820	0.46078833027044	0.46078833027044	0.46078833027044
0.46041055718475	0.46177121038011	0.46177121038011	0.46177121038011
0.46138807429130	0.46275366362149	0.46275366362149	0.46275366362149
0.46236559139785	0.46373569353157	0.46373569353157	0.46373569353157
0.46334310850440	0.46471730366286	0.46471730366286	0.46471730366286
0.46432062561095	0.46569849758390	0.46569849758390	0.46569849758390
0.46529814271750	0.46667927887971	0.46667927887971	0.46667927887971
0.46627565982405	0.46765965115229	0.46765965115229	0.46765965115229
0.46725317693060	0.46863961802110	0.46863961802110	0.46863961802110
0.46823069403715	0.46961918312352	0.46961918312352	0.46961918312352
0.46920821114370	0.47059835011544	0.47059835011544	0.47059835011544
0.47018572825024	0.47157712267157	0.47157712267157	0.47157712267157
0.47116324535679	0.47255550448618	0.47255550448618	0.47255550448618
0.47214076246334	0.47353349927339	0.47353349927339	0.47353349927339
0.47311827956989	0.47451111076778	0.47451111076778	0.47451111076778
0.47409579667644	0.47548834272490	0.47548834272490	0.47548834272490
0.47507331378299	0.47646519892174	0.47646519892174	0.47646519892174
0.47605083088954	0.47744168315731	0.47744168315731	0.47744168315731
0.47702834799609	0.47841779925308	0.47841779925308	0.47841779925308
0.47800586510264	0.47939355105361	0.47939355105361	0.47939355105361
0.47898338220919	0.48036894242695	0.48036894242695	0.48036894242695
0.47996089931574	0.48134397726530	0.48134397726530	0.48134397726530
0.48093841642229	0.48231865948550	0.48231865948550	0.48231865948550
0.48191593352884	0.48329299302953	0.48329299302953	0.48329299302953
0.48289345063539	0.48426698186515	0.48426698186515	0.48426698186515
0.48387096774194	0.48524062998634	0.48524062998634	0.48524062998634
0.48484848484848	0.48621394141394	0.48621394141394	0.48621394141394
0.48582600195503	0.48718692019624	0.48718692019624	0.48718692019624
0.48680351906158	0.48815957040938	0.48815957040938	0.48815957040938
0.48778103616813	0.48913189615815	0.48913189615815	0.48913189615815
0.48875855327468	0.49010390157638	0.49010390157638	0.49010390157638
0.48973607038123	0.49107559082761	0.49107559082761	0.49107559082761
0.49071358748778	0.49204696810564	0.49204696810564	0.49204696810564
0.49169110459433	0.49301803763517	0.49301803763517	0.49301803763517
0.49266862170088	0.49398880367233	0.49398880367233	0.49398880367233
0.49364613880743	0.49495927050531	0.49495927050531	0.49495927050531
0.49462365591398	0.49592944245501	0.49592944245501	0.49592944245501
0.49560117302053	0.49689932387557	0.49689932387557	0.49689932387557
0.49657869012708	0.49786891915504	0.49786891915504	0.49786891915504
0.49755620723363	0.49883823271598	0.49883823271598	0.49883823271598
0.49853372434018	0.49980726901611	0.49980726901611	0.49980726901611
0.49951124144673	0.50077603254893	0.50077603254893	0.50077603254893
0.50048875855327	0.50174452784435	0.50174452784435	0.50174452784435
0.50146627565982	0.50271275946935	0.50271275946935	0.50271275946935
0.50244379276637	0.50368073202865	0.50368073202865	0.50368073202865
0.50342130987292	0.50464845016531	0.50464845016531	0.50464845016531
0.50439882697947	0.50561591856142	0.50561591856142	0.50561591856142
0.50537634408602	0.50658314193882	0.50658314193882	0.50658314193882
0.50635386119257	0.50755012505970	0.50755012505970	0.50755012505970
0.50733137829912	0.50851687272731	0.50851687272731	0.50851687272731
0.50830889540567	0.50948338978665	0.50948338978665	0.50948338978665
0.50928641251222	0.51044968112521	0.51044968112521	0.51044968112521
0.51026392961877	0.51141575167356	0.51141575167356	0.51141575167356
0.51124144672532	0.51238160640617	0.51238160640617	0.51238160640617
0.51221896383187	0.51334725034205	0.51334725034205	0.51334725034205
0.51319648093842	0.51431268854554	0.51431268854554	0.51431268854554
0.51417399804497	0.51527792612695	0.51527792612695	0.51527792612695
0.51515151515152	0.51624296824337	0.51624296824337	0.51624296824337
0.51612903225806	0.51720782009938	0.51720782009938	0.51720782009938
0.51710654936461	0.51817248694781	0.51817248694781	0.51817248694781
0.51808406647116	0.51913697409050	0.51913697409050	0.51913697409050
0.51906158357771	0.52010128687902	0.52010128687902	0.52010128687902
0.52003910068426	0.52106543071551	0.52106543071551	0.52106543071551
0.52101661779081	0.52202941105341	0.52202941105341	0.52202941105341
0.52199413489736	0.52299323339828	0.52299323339828	0.52299323339828
0.52297165200391	0.52395690330855	0.52395690330855	0.52395690330855
0.52394916911046	0.52492042639635	0.52492042639635	0.52492042639635
0.52492668621701	0.52588380832836	0.52588380832836	0.52588380832836
0.52590420332356	0.52684705482654	0.52684705482654	0.52684705482654
0.52688172043011	0.52781017166902	0.52781017166902	0.52781017166902
0.52785923753666	0.52877316469091	0.52877316469091	0.52877316469091
0.52883675464321	0.52973603978518	0.52973603978518	0.52973603978518
0.52981427174976	0.53069880290342	0.53069880290342	0.53069880290342
0.53079178885630	0.53166146005682	0.53166146005682	0.53166146005682
0.53176930596285	0.53262401731696	0.53262401731696	0.53262401731696
0.53274682306940	0.53358648081669	0.53358648081669	0.53358648081669
0.53372434017595	0.53454885675106	0.53454885675106	0.53454885675106
0.53470185728250	0.53551115137814	0.53551115137814	0.53551115137814
0.53567937438905	0.53647337102002	0.53647337102002	0.53647337102002
0.53665689149560	0.53743552206365	0.53743552206365	0.53743552206365
0.53763440860215	0.53839761096178	0.53839761096178	0.53839761096178
0.53861192570870	0.53935964423390	0.53935964423390	0.53935964423390
0.53958944281525	0.54032162846720	0.54032162846720	0.54032162846720
0.54056695992180	0.54128357031746	0.54128357031746	0.54128357031746
0.54154447702835	0.54224547651008	0.54224547651008	0.54224547651008
0.54252199413490	0.54320735384101	0.54320735384101	0.54320735384101
0.54349951124145	0.54416920917773	0.54416920917773	0.54416920917773
0.54447702834800	0.54513104946027	0.54513104946027	0.54513104946027
0.54545454545455	0.54609288170217	0.54609288170217	0.54609288170217
0.54643206256109	0.54705471299152	0.54705471299152	0.54705471299152
0.54740957966764	0.54801655049198	0.54801655049198	0.54801655049198
0.54838709677419	0.54897840144382	0.54897840144382	0.54897840144382
0.54936461388074	0.54994027316489	0.54994027316489	0.54994027316489
0.55034213098729	0.55090217305179	0.55090217305179	0.55090217305179
0.55131964809384	0.55186410858085	0.55186410858085	0.55186410858085
0.55229716520039	0.55282608730923	0.55282608730923	0.55282608730923
0.55327468230694	0.55378811687601	0.55378811687601	0.55378811687601
0.55425219941349	0.55475020500330	0.55475020500330	0.55475020500330
0.55522971652004	0.55571235949732	0.55571235949732	0.55571235949732
0.55620723362659	0.55667458824952	0.55667458824952	0.55667458824952
0.55718475073314	0.55763689923777	0.55763689923777	0.55763689923777
0.55816226783969	0.55859930052743	0.55859930052743	0.55859930052743
0.55913978494624	0.55956180027256	0.55956180027256	0.55956180027256
0.56011730205279	0.56052440671705	0.56052440671705	0.56052440671705
0.56109481915934	0.56148712819585	0.56148712819585	0.56148712819585
0.56207233626588	0.56244997313609	0.56244997313609	0.56244997313609
0.56304985337243	0.56341295005838	0.56341295005838	0.56341295005838
0.56402737047898	0.56437606757795	0.56437606757795	0.56437606757795
0.56500488758553	0.56533933440593	0.56533933440593	0.56533933440593
0.56598240469208	0.56630275935055	0.56630275935055	0.56630275935055
0.56695992179863	0.56726635131845	0.56726635131845	0.56726635131845
0.56793743890518	0.56823011931591	0.56823011931591	0.56823011931591
0.56891495601173	0.56919407245016	0.56919407245016	0.56919407245016
0.56989247311828	0.57015821993067	0.57015821993067	0.57015821993067
0.57086999022483	0.57112257107045	0.57112257107045	0.57112257107045
0.57184750733138	0.57208713528741	0.57208713528741	0.57208713528741
0.57282502443793	0.57305192210565	0.57305192210565	0.57305192210565
0.57380254154448	0.57401694115687	0.57401694115687	0.57401694115687
0.57478005865103	0.57498220218171	0.57498220218171	0.57498220218171
0.57575757575758	0.57594771503112	0.57594771503112	0.57594771503112
0.57673509286413	0.57691348966778	0.57691348966778	0.57691348966778
0.57771260997067	0.57787953616752	0.57787953616752	0.57787953616752
0.57869012707722	0.57884586472074	0.57884586472074	0.57884586472074
0.57966764418377	0.57981248563385	0.57981248563385	0.57981248563385
0.58064516129032	0.58077940933071	0.58077940933071	0.58077940933071
0.58162267839687	0.58174664635415	0.58174664635415	0.58174664635415
0.58260019550342	0.58271420736742	0.58271420736742	0.58271420736742
0.58357771260997	0.58368210315575	0.58368210315575	0.58368210315575
0.58455522971652	0.58465034462780	0.58465034462780	0.58465034462780
0.58553274682307	0.58561894281725	0.58561894281725	0.58561894281725
0.58651026392962	0.58658790888434	0.58658790888434	0.58658790888434
0.58748778103617	0.58755725411747	0.58755725411747	0.58755725411747
0.58846529814272	0.58852698993474	0.58852698993474	0.58852698993474
0.58944281524927	0.58949712788560	0.58949712788560	0.58949712788560
0.59042033235582	0.59046767965244	0.59046767965244	0.59046767965244
0.59139784946237	0.59143865705227	0.59143865705227	0.59143865705227
0.59237536656891	0.59241007203835	0.59241007203835	0.59241007203835
0.59335288367546	0.59338193670190	0.59338193670190	0.59338193670190
0.59433040078201	0.59435426327374	0.59435426327374	0.59435426327374
0.59530791788856	0.59532706412606	0.59532706412606	0.59532706412606
0.59628543499511	0.59630035177411	0.59630035177411	0.59630035177411
0.59726295210166	0.59727413887801	0.59727413887801	0.59727413887801
0.59824046920821	0.59824843824445	0.59824843824445	0.59824843824445
0.59921798631476	0.59922326282851	0.59922326282851	0.59922326282851
0.60019550342131	0.60019862573551	0.60019862573551	0.60019862573551
0.60117302052786	0.60117454022275	0.60117454022275	0.60117454022275
0.60215053763441	0.60215101970145	0.60215101970145	0.60215101970145
0.60312805474096	0.60312807773856	0.60312807773856	0.60312807773856
0.60410557184751	0.60410557184751	0.60410557184751	0.60410557184751
0.60508308895406	0.60508308895406	0.60508308895406	0.60508308895406
0.60606060606061	0.60606060606061	0.60606060606061	0.60606060606061
0.60703812316716	0.60703812316716	0.60703812316716	0.60703812316716
0.60801564027370	0.60801564027370	0.60801564027370	0.60801564027370
0.60899315738025	0.60899315738025	0.60899315738025	0.60899315738025
0.60997067448680	0.60997067448680	0.60997067448680	0.60997067448680
0.61094819159335	0.61094819159335	0.61094819159335	0.61094819159335
0.61192570869990	0.61192570869990	0.61192570869990	0.61192570869990
0.61290322580645	0.61290322580645	0.61290322580645	0.61290322580645
0.61388074291300	0.61388074291300	0.61388074291300	0.61388074291300
0.61485826001955	0.61485826001955	0.61485826001955	0.61485826001955
0.61583577712610	0.61583577712610	0.61583577712610	0.61583577712610
0.61681329423265	0.61681329423265	0.61681329423265	0.61681329423265
0.61779081133920	0.61779081133920	0.61779081133920	0.61779081133920
0.61876832844575	0.61876832844575	0.61876832844575	0.61876832844575
0.61974584555230	0.61974584555230	0.61974584555230	0.61974584555230
0.62072336265885	0.62072336265885	0.62072336265885	0.62072336265885
0.62170087976540	0.62170087976540	0.62170087976540	0.62170087976540
0.62267839687195	0.62267839687195	0.62267839687195	0.62267839687195
0.62365591397849	0.62365591397849	0.62365591397849	0.62365591397849
0.62463343108504	0.62463343108504	0.62463343108504	0.62463343108504
0.62561094819159	0.62561094819159	0.62561094819159	0.62561094819159
0.62658846529814	0.62658846529814	0.62658846529814	0.62658846529814
0.62756598240469	0.62756598240469	0.62756598240469	0.62756598240469
0.62854349951124	0.62854349951124	0.62854349951124	0.62854349951124
0.62952101661779	0.62952101661779	0.62952101661779	0.62952101661779
0.63049853372434	0.63049853372434	0.63049853372434	0.63049853372434
0.63147605083089	0.63147605083089	0.63147605083089	0.63147605083089
0.63245356793744	0.63245356793744	0.63245356793744	0.63245356793744
0.63343108504399	0.63343108504399	0.63343108504399	0.63343108504399
0.63440860215054	0.63440860215054	0.63440860215054	0.63440860215054
0.63538611925709	0.63538611925709	0.63538611925709	0.63538611925709
0.63636363636364	0.63636363636364	0.63636363636364	0.63636363636364
0.63734115347019	0.63734115347019	0.63734115347019	0.63734115347019
0.63831867057674	0.63831867057674	0.63831867057674	0.63831867057674
0.63929618768328	0.63929618768328	0.63929618768328	0.63929618768328
0.64027370478983	0.64027370478983	0.64027370478983	0.64027370478983
0.64125122189638	0.64125122189638	0.64125122189638	0.64125122189638
0.64222873900293	0.64222873900293	0.64222873900293	0.64222873900293
0.64320625610948	0.64320625610948	0.64320625610948	0.64320625610948
0.64418377321603	0.64418377321603	0.64418377321603	0.64418377321603
0.64516129032258	0.64516129032258	0.64516129032258	0.64516129032258
0.64613880742913	0.64613880742913	0.64613880742913	0.64613880742913
0.64711632453568	0.64711632453568	0.64711632453568	0.64711632453568
0.64809384164223	0.64809384164223	0.64809384164223	0.64809384164223
0.64907135874878	0.64907135874878	0.64907135874878	0.64907135874878
0.65004887585533	0.65004887585533	0.65004887585533	0.65004887585533
0.65102639296188	0.65102639296188	0.65102639296188	0.65102639296188
0.65200391006843	0.65200391006843	0.65200391006843	0.65200391006843
0.65298142717498	0.65298142717498	0.65298142717498	0.65298142717498
0.65395894428152	0.65395894428152	0.65395894428152	0.65395894428152
0.65493646138807	0.65493646138807	0.65493646138807	0.65493646138807
0.65591397849462	0.65591397849462	0.65591397849462	0.65591397849462
0.65689149560117	0.65689149560117	0.65689149560117	0.65689149560117
0.65786901270772	0.65786901270772	0.65786901270772	0.65786901270772
0.65884652981427	0.65884652981427	0.65884652981427	0.65884652981427
0.65982404692082	0.65982404692082	0.65982404692082	0.65982404692082
0.66080156402737	0.66080156402737	0.66080156402737	0.66080156402737
0.66177908113392	0.66177908113392	0.66177908113392	0.66177908113392
0.66275659824047	0.66275659824047	0.66275659824047	0.66275659824047
0.66373411534702	0.66373411534702	0.66373411534702	0.66373411534702
0.66471163245357	0.66471163245357	0.66471163245357	0.66471163245357
0.66568914956012	0.66568914956012	0.66568914956012	0.66568914956012
0.66666666666667	0.66666666666667	0.66666666666667	0.66666666666667
0.66764418377322	0.66764418377322	0.66764418377322	0.66764418377322
0.66862170087977	0.66862170087977	0.66862170087977	0.66862170087977
0.66959921798631	0.66959921798631	0.66959921798631	0.66959921798631
0.67057673509286	0.67057673509286	0.67057673509286	0.67057673509286
0.67155425219941	0.67155425219941	0.67155425219941	0.67155425219941
0.67253176930596	0.67253176930596	0.67253176930596	0.67253176930596
0.67350928641251	0.67350928641251	0.67350928641251	0.67350928641251
0.67448680351906	0.67448680351906	0.67448680351906	0.67448680351906
0.67546432062561	0.67546432062561	0.67546432062561	0.67546432062561
0.67644183773216	0.67644183773216	0.67644183773216	0.67644183773216
0.67741935483871	0.67741935483871	0.67741935483871	0.67741935483871
0.67839687194526	0.67839687194526	0.67839687194526	0.67839687194526
0.67937438905181	0.67937438905181	0.67937438905181	0.67937438905181
0.68035190615836	0.68035190615836	0.68035190615836	0.68035190615836
0.68132942326491	0.68132942326491	0.68132942326491	0.68132942326491
0.68230694037146	0.68230694037146	0.68230694037146	0.68230694037146
0.68328445747801	0.68328445747801	0.68328445747801	0.68328445747801
0.68426197458456	0.68426197458456	0.68426197458456	0.68426197458456
0.68523949169110	0.68523949169110	0.68523949169110	0.68523949169110
0.68621700879765	0.68621700879765	0.68621700879765	0.68621700879765
0.68719452590420	0.68719452590420	0.68719452590420	0.68719452590420
0.68817204301075	0.68817204301075	0.68817204301075	0.68817204301075
0.68914956011730	0.68914956011730	0.68914956011730	0.68914956011730
0.69012707722385	0.69012707722385	0.69012707722385	0.69012707722385
0.69110459433040	0.69110459433040	0.69110459433040	0.69110459433040
0.69208211143695	0.69208211143695	0.69208211143695	0.69208211143695
0.69305962854350	0.69305962854350	0.69305962854350	0.69305962854350
0.69403714565005	0.69403714565005	0.69403714565005	0.69403714565005
0.69501466275660	0.69501466275660	0.69501466275660	0.69501466275660
0.69599217986315	0.69599217986315	0.69599217986315	0.69599217986315
0.69696969696970	0.69696969696970	0.69696969696970	0.69696969696970
0.69794721407625	0.69794721407625	0.69794721407625	0.69794721407625
0.69892473118280	0.69892473118280	0.69892473118280	0.69892473118280
0.69990224828935	0.69990224828935	0.69990224828935	0.69990224828935
0.70087976539589	0.70087976539589	0.70087976539589	0.70087976539589
0.70185728250244	0.70185728250244	0.70185728250244	0.70185728250244
0.70283479960899	0.70283479960899	0.70283479960899	0.70283479960899
0.70381231671554	0.70381231671554	0.70381231671554	0.70381231671554
0.70478983382209	0.70478983382209	0.70478983382209	0.70478983382209
0.70576735092864	0.70576735092864	0.70576735092864	0.70576735092864
0.70674486803519	0.70674486803519	0.70674486803519	0.70674486803519
0.70772238514174	0.70772238514174	0.70772238514174	0.70772238514174
0.70869990224829	0.70869990224829	0.70869990224829	0.70869990224829
0.70967741935484	0.70967741935484	0.70967741935484	0.70967741935484
0.71065493646139	0.71065493646139	0.71065493646139	0.71065493646139
0.71163245356794	0.71163245356794	0.71163245356794	0.71163245356794
0.71260997067449	0.71260997067449	0.71260997067449	0.71260997067449
0.71358748778104	0.71358748778104	0.71358748778104	0.71358748778104
0.71456500488759	0.71456500488759	0.71456500488759	0.71456500488759
0.71554252199413	0.71554252199413	0.71554252199413	0.71554252199413
0.71652003910068	0.71652003910068	0.71652003910068	0.71652003910068
0.71749755620723	0.71749755620723	0.71749755620723	0.71749755620723
0.71847507331378	0.71847507331378	0.71847507331378	0.71847507331378
0.71945259042033	0.71945259042033	0.71945259042033	0.71945259042033
0.72043010752688	0.72043010752688	0.72043010752688	0.72043010752688
0.72140762463343	0.72140762463343	0.72140762463343	0.72140762463343
0.72238514173998	0.72238514173998	0.72238514173998	0.72238514173998
0.72336265884653	0.72336265884653	0.72336265884653	0.72336265884653
0.72434017595308	0.72434017595308	0.72434017595308	0.72434017595308
0.72531769305963	0.72531769305963	0.72531769305963	0.72531769305963
0.72629521016618	0.72629521016618	0.72629521016618	0.72629521016618
0.72727272727273	0.72727272727273	0.72727272727273	0.72727272727273
0.72825024437928	0.72825024437928	0.72825024437928	0.72825024437928
0.72922776148583	0.72922776148583	0.72922776148583	0.72922776148583
0.73020527859238	0.73020527859238	0.73020527859238	0.73020527859238
0.73118279569892	0.73118279569892	0.73118279569892	0.73118279569892
0.73216031280547	0.73216031280547	0.73216031280547	0.73216031280547
0.73313782991202	0.73313782991202	0.73313782991202	0.73313782991202
0.73411534701857	0.73411534701857	0.73411534701857	0.73411534701857
0.73509286412512	0.73509286412512	0.73509286412512	0.73509286412512
0.73607038123167	0.73607038123167	0.73607038123167	0.73607038123167
0.73704789833822	0.73704789833822	0.73704789833822	0.73704789833822
0.73802541544477	0.73802541544477	0.73802541544477	0.73802541544477
0.73900293255132	0.73900293255132	0.73900293255132	0.73900293255132
0.73998044965787	0.73998044965787	0.73998044965787	0.73998044965787
0.74095796676442	0.74095796676442	0.74095796676442	0.74095796676442
0.74193548387097	0.74193548387097	0.74193548387097	0.74193548387097
0.74291300097752	0.74291300097752	0.74291300097752	0.74291300097752
0.74389051808407	0.74389051808407	0.74389051808407	0.74389051808407
0.74486803519062	0.74486803519062	0.74486803519062	0.74486803519062
0.74584555229717	0.74584555229717	0.74584555229717	0.74584555229717
0.74682306940371	0.74682306940371	0.74682306940371	0.74682306940371
0.74780058651026	0.74780058651026	0.74780058651026	0.74780058651026
0.74877810361681	0.74877810361681	0.74877810361681	0.74877810361681
0.74975562072336	0.74975562072336	0.74975562072336	0.74975562072336
0.75073313782991	0.75073313782991	0.75073313782991	0.75073313782991
0.75171065493646	0.75171065493646	0.75171065493646	0.75171065493646
0.75268817204301	0.75268817204301	0.75268817204301	0.75268817204301
0.75366568914956	0.75366568914956	0.75366568914956	0.75366568914956
0.75464320625611	0.75464320625611	0.75464320625611	0.75464320625611
0.75562072336266	0.75562072336266	0.75562072336266	0.75562072336266
0.75659824046921	0.75659824046921	0.75659824046921	0.75659824046921
0.75757575757576	0.75757575757576	0.75757575757576	0.75757575757576
0.75855327468231	0.75855327468231	0.75855327468231	0.75855327468231
0.75953079178886	0.75953079178886	0.75953079178886	0.75953079178886
0.76050830889541	0.76050830889541	0.76050830889541	0.76050830889541
0.76148582600196	0.76148582600196	0.76148582600196	0.76148582600196
0.76246334310850	0.76246334310850	0.76246334310850	0.76246334310850
0.76344086021505	0.76344086021505	0.76344086021505	0.76344086021505
0.76441837732160	0.76441837732160	0.76441837732160	0.76441837732160
0.76539589442815	0.76539589442815	0.76539589442815	0.76539589442815
0.76637341153470	0.76637341153470	0.76637341153470	0.76637341153470
0.76735092864125	0.76735092864125	0.76735092864125	0.76735092864125
0.76832844574780	0.76832844574780	0.76832844574780	0.76832844574780
0.76930596285435	0.76930596285435	0.76930596285435	0.76930596285435
0.77028347996090	0.77028347996090	0.77028347996090	0.77028347996090
0.77126099706745	0.77126099706745	0.77126099706745	0.77126099706745
0.77223851417400	0.77223851417400	0.77223851417400	0.77223851417400
0.77321603128055	0.77321603128055	0.77321603128055	0.77321603128055
0.77419354838710	0.77419354838710	0.77419354838710	0.77419354838710
0.77517106549365	0.77517106549365	0.77517106549365	0.77517106549365
0.77614858260020	0.77614858260020	0.77614858260020	0.77614858260020
0.77712609970674	0.77712609970674	0.77712609970674	0.77712609970674
0.77810361681329	0.77810361681329	0.77810361681329	0.77810361681329
0.77908113391984	0.77908113391984	0.77908113391984	0.77908113391984
0.78005865102639	0.78005865102639	0.78005865102639	0.78005865102639
0.78103616813294	0.78103616813294	0.78103616813294	0.78103616813294
0.78201368523949	0.78201368523949	0.78201368523949	0.78201368523949
0.78299120234604	0.78299120234604	0.78299120234604	0.78299120234604
0.78396871945259	0.78396871945259	0.78396871945259	0.78396871945259
0.78494623655914	0.78494623655914	0.78494623655914	0.78494623655914
0.78592375366569	0.78592375366569	0.78592375366569	0.78592375366569
0.78690127077224	0.78690127077224	0.78690127077224	0.78690127077224
0.78787878787879	0.78787878787879	0.78787878787879	0.78787878787879
0.78885630498534	0.78885630498534	0.78885630498534	0.78885630498534
0.78983382209189	0.78983382209189	0.78983382209189	0.78983382209189
0.79081133919844	0.79081133919844	0.79081133919844	0.79081133919844
0.79178885630499	0.79178885630499	0.79178885630499	0.79178885630499
0.79276637341153	0.79276637341153	0.79276637341153	0.79276637341153
0.79374389051808	0.79374389051808	0.79374389051808	0.79374389051808
0.79472140762463	0.79472140762463	0.79472140762463	0.79472140762463
0.79569892473118	0.79569892473118	0.79569892473118	0.79569892473118
0.79667644183773	0.79667644183773	0.79667644183773	0.79667644183773
0.79765395894428	0.79765395894428	0.79765395894428	0.79765395894428
0.79863147605083	0.79863147605083	0.79863147605083	0.79863147605083
0.79960899315738	0.79960899315738	0.79960899315738	0.79960899315738
0.80058651026393	0.80058651026393	0.80058651026393	0.80058651026393
0.80156402737048	0.80156402737048	0.80156402737048	0.80156402737048
0.80254154447703	0.80254154447703	0.80254154447703	0.80254154447703
0.80351906158358	0.80351906158358	0.80351906158358	0.80351906158358
0.80449657869013	0.80449657869013	0.80449657869013	0.80449657869013
0.80547409579668	0.80547409579668	0.80547409579668	0.80547409579668
0.80645161290323	0.80645161290323	0.80645161290323	0.80645161290323
0.80742913000978	0.80742913000978	0.80742913000978	0.80742913000978
0.80840664711632	0.80840664711632	0.80840664711632	0.80840664711632
0.80938416422287	0.80938416422287	0.80938416422287	0.80938416422287
0.81036168132942	0.81036168132942	0.81036168132942	0.81036168132942
0.81133919843597	0.81133919843597	0.81133919843597	0.81133919843597
0.81231671554252	0.81231671554252	0.81231671554252	0.81231671554252
0.81329423264907	0.81329423264907	0.81329423264907	0.81329423264907
0.81427174975562	0.81427174975562	0.81427174975562	0.81427174975562
0.81524926686217	0.81524926686217	0.81524926686217	0.81524926686217
0.81622678396872	0.81622678396872	0.81622678396872	0.81622678396872
0.81720430107527	0.81720430107527	0.81720430107527	0.81720430107527
0.81818181818182	0.81818181818182	0.81818181818182	0.81818181818182
0.81915933528837	0.81915933528837	0.81915933528837	0.81915933528837
0.82013685239492	0.82013685239492	0.82013685239492	0.82013685239492
0.82111436950147	0.82111436950147	0.82111436950147	0.82111436950147
0.82209188660802	0.82209188660802	0.82209188660802	0.82209188660802
0.82306940371457	0.82306940371457	0.82306940371457	0.82306940371457
0.82404692082111	0.82404692082111	0.82404692082111	0.82404692082111
0.82502443792766	0.82502443792766	0.82502443792766	0.82502443792766
0.82600195503421	0.82600195503421	0.82600195503421	0.82600195503421
0.82697947214076	0.82697947214076	0.82697947214076	0.82697947214076
0.82795698924731	0.82795698924731	0.82795698924731	0.82795698924731
0.82893450635386	0.82893450635386	0.82893450635386	0.82893450635386
0.82991202346041	0.82991202346041	0.82991202346041	0.82991202346041
0.83088954056696	0.83088954056696	0.83088954056696	0.83088954056696
0.83186705767351	0.83186705767351	0.83186705767351	0.83186705767351
0.83284457478006	0.83284457478006	0.83284457478006	0.83284457478006
0.83382209188661	0.83382209188661	0.83382209188661	0.83382209188661
0.83479960899316	0.83479960899316	0.83479960899316	0.83479960899316
0.83577712609971	0.83577712609971	0.83577712609971	0.83577712609971
0.83675464320626	0.83675464320626	0.83675464320626	0.83675464320626
0.83773216031281	0.83773216031281	0.83773216031281	0.83773216031281
0.83870967741935	0.83870967741935	0.83870967741935	0.83870967741935
0.83968719452590	0.83968719452590	0.83968719452590	0.83968719452590
0.84066471163245	0.84066471163245	0.84066471163245	0.84066471163245
0.84164222873900	0.84164222873900	0.84164222873900	0.84164222873900
0.84261974584555	0.84261974584555	0.84261974584555	0.84261974584555
0.84359726295210	0.84359726295210	0.84359726295210	0.84359726295210
0.84457478005865	0.84457478005865	0.84457478005865	0.84457478005865
0.84555229716520	0.84555229716520	0.84555229716520	0.84555229716520
0.84652981427175	0.84652981427175	0.84652981427175	0.84652981427175
0.84750733137830	0.84750733137830	0.84750733137830	0.84750733137830
0.84848484848485	0.84848484848485	0.84848484848485	0.84848484848485
0.84946236559140	0.84946236559140	0.84946236559140	0.84946236559140
0.85043988269795	0.85043988269795	0.85043988269795	0.85043988269795
0.85141739980450	0.85141739980450	0.85141739980450	0.85141739980450
0.85239491691105	0.85239491691105	0.85239491691105	0.85239491691105
0.85337243401760	0.85337243401760	0.85337243401760	0.85337243401760
0.85434995112414	0.85434995112414	0.85434995112414	0.85434995112414
0.85532746823069	0.85532746823069	0.85532746823069	0.85532746823069
0.85630498533724	0.85630498533724	0.85630498533724	0.85630498533724
0.85728250244379	0.85728250244379	0.85728250244379	0.85728250244379
0.85826001955034	0.85826001955034	0.85826001955034	0.85826001955034
0.85923753665689	0.85923753665689	0.85923753665689	0.85923753665689
0.86021505376344	0.86021505376344	0.86021505376344	0.86021505376344
0.86119257086999	0.86119257086999	0.86119257086999	0.86119257086999
0.86217008797654	0.86217008797654	0.86217008797654	0.86217008797654
0.86314760508309	0.86314760508309	0.86314760508309	0.86314760508309
0.86412512218964	0.86412512218964	0.86412512218964	0.86412512218964
0.86510263929619	0.86510263929619	0.86510263929619	0.86510263929619
0.86608015640274	0.86608015640274	0.86608015640274	0.86608015640274
0.86705767350929	0.86705767350929	0.86705767350929	0.86705767350929
0.86803519061584	0.86803519061584	0.86803519061584	0.86803519061584
0.86901270772239	0.86901270772239	0.86901270772239	0.86901270772239
0.86999022482893	0.86999022482893	0.86999022482893	0.86999022482893
0.87096774193548	0.87096774193548	0.87096774193548	0.87096774193548
0.87194525904203	0.87194525904203	0.87194525904203	0.87194525904203
0.87292277614858	0.87292277614858	0.87292277614858	0.87292277614858
0.87390029325513	0.87390029325513	0.87390029325513	0.87390029325513
0.87487781036168	0.87487781036168	0.87487781036168	0.87487781036168
0.87585532746823	0.87585532746823	0.87585532746823	0.87585532746823
0.87683284457478	0.87683284457478	0.87683284457478	0.87683284457478
0.87781036168133	0.87781036168133	0.87781036168133	0.87781036168133
0.87878787878788	0.87878787878788	0.87878787878788	0.87878787878788
0.87976539589443	0.87976539589443	0.87976539589443	0.87976539589443
0.88074291300098	0.88074291300098	0.88074291300098	0.88074291300098
0.88172043010753	0.88172043010753	0.88172043010753	0.88172043010753
0.88269794721408	0.88269794721408	0.88269794721408	0.88269794721408
0.88367546432063	0.88367546432063	0.88367546432063	0.88367546432063
0.88465298142717	0.88465298142717	0.88465298142717	0.88465298142717
0.88563049853372	0.88563049853372	0.88563049853372	0.88563049853372
0.88660801564027	0.88660801564027	0.88660801564027	0.88660801564027
0.88758553274682	0.88758553274682	0.88758553274682	0.88758553274682
0.88856304985337	0.88856304985337	0.88856304985337	0.88856304985337
0.88954056695992	0.88954056695992	0.88954056695992	0.88954056695992
0.89051808406647	0.89051808406647	0.89051808406647	0.89051808406647
0.89149560117302	0.89149560117302	0.89149560117302	0.89149560117302
0.89247311827957	0.89247311827957	0.89247311827957	0.89247311827957
0.89345063538612	0.89345063538612	0.89345063538612	0.89345063538612
0.89442815249267	0.89442815249267	0.89442815249267	0.89442815249267
0.89540566959922	0.89540566959922	0.89540566959922	0.89540566959922
0.89638318670577	0.89638318670577	0.89638318670577	0.89638318670577
0.89736070381232	0.89736070381232	0.89736070381232	0.89736070381232
0.89833822091887	0.89833822091887	0.89833822091887	0.89833822091887
0.89931573802542	0.89931573802542	0.89931573802542	0.89931573802542
0.90029325513196	0.90029325513196	0.90029325513196	0.90029325513196
0.90127077223851	0.90127077223851	0.90127077223851	0.90127077223851
0.90224828934506	0.90224828934506	0.90224828934506	0.90224828934506
0.90322580645161	0.90322580645161	0.90322580645161	0.90322580645161
0.90420332355816	0.90420332355816	0.90420332355816	0.90420332355816
0.90518084066471	0.90518084066471	0.90518084066471	0.90518084066471
0.90615835777126	0.90615835777126	0.90615835777126	0.90615835777126
0.90713587487781	0.90713587487781	0.90713587487781	0.90713587487781
0.90811339198436	0.90811339198436	0.90811339198436	0.90811339198436
0.90909090909091	0.90909090909091	0.90909090909091	0.90909090909091
0.91006842619746	0.91006842619746	0.91006842619746	0.91006842619746
0.91104594330401	0.91104594330401	0.91104594330401	0.91104594330401
0.91202346041056	0.91202346041056	0.91202346041056	0.91202346041056
0.91300097751711	0.91300097751711	0.91300097751711	0.91300097751711
0.91397849462366	0.91397849462366	0.91397849462366	0.91397849462366
0.91495601173021	0.91495601173021	0.91495601173021	0.91495601173021
0.91593352883675	0.91593352883675	0.91593352883675	0.91593352883675
0.91691104594330	0.91691104594330	0.91691104594330	0.91691104594330
0.91788856304985	0.91788856304985	0.91788856304985	0.91788856304985
0.91886608015640	0.91886608015640	0.91886608015640	0.91886608015640
0.91984359726295	0.91984359726295	0.91984359726295	0.91984359726295
0.92082111436950	0.92082111436950	0.92082111436950	0.92082111436950
0.92179863147605	0.92179863147605	0.92179863147605	0.92179863147605
0.92277614858260	0.92277614858260	0.92277614858260	0.92277614858260
0.92375366568915	0.92375366568915	0.92375366568915	0.92375366568915
0.92473118279570	0.92473118279570	0.92473118279570	0.92473118279570
0.92570869990225	0.92570869990225	0.92570869990225	0.92570869990225
0.92668621700880	0.92668621700880	0.92668621700880	0.92668621700880
0.92766373411535	0.92766373411535	0.92766373411535	0.92766373411535
0.92864125122190	0.92864125122190	0.92864125122190	0.92864125122190
0.92961876832845	0.92961876832845	0.92961876832845	0.92961876832845
0.93059628543500	0.93059628543500	0.93059628543500	0.93059628543500
0.93157380254154	0.93157380254154	0.93157380254154	0.93157380254154
0.93255131964809	0.93255131964809	0.93255131964809	0.93255131964809
0.93352883675464	0.93352883675464	0.93352883675464	0.93352883675464
0.93450635386119	0.93450635386119	0.93450635386119	0.93450635386119
0.93548387096774	0.93548387096774	0.93548387096774	0.93548387096774
0.93646138807429	0.93646138807429	0.93646138807429	0.93646138807429
0.93743890518084	0.93743890518084	0.93743890518084	0.93743890518084
0.93841642228739	0.93841642228739	0.93841642228739	0.93841642228739
0.93939393939394	0.93939393939394	0.93939393939394	0.93939393939394
0.94037145650049	0.94037145650049	0.94037145650049	0.94037145650049
0.94134897360704	0.94134897360704	0.94134897360704	0.94134897360704
0.94232649071359	0.94232649071359	0.94232649071359	0.94232649071359
0.94330400782014	0.94330400782014	0.94330400782014	0.94330400782014
0.94428152492669	0.94428152492669	0.94428152492669	0.94428152492669
0.94525904203324	0.94525904203324	0.94525904203324	0.94525904203324
0.94623655913978	0.94623655913978	0.94623655913978	0.94623655913978
0.94721407624633	0.94721407624633	0.94721407624633	0.94721407624633
0.94819159335288	0.94819159335288	0.94819159335288	0.94819159335288
0.94916911045943	0.94916911045943	0.94916911045943	0.94916911045943
0.95014662756598	0.95014662756598	0.95014662756598	0.95014662756598
0.95112414467253	0.95112414467253	0.95112414467253	0.95112414467253
0.95210166177908	0.95210166177908	0.95210166177908	0.95210166177908
0.95307917888563	0.95307917888563	0.95307917888563	0.95307917888563
0.95405669599218	0.95405669599218	0.95405669599218	0.95405669599218
0.95503421309873	0.95503421309873	0.95503421309873	0.95503421309873
0.95601173020528	0.95601173020528	0.95601173020528	0.95601173020528
0.95698924731183	0.95698924731183	0.95698924731183	0.95698924731183
0.95796676441838	0.95796676441838	0.95796676441838	0.95796676441838
0.95894428152493	0.95894428152493	0.95894428152493	0.95894428152493
0.95992179863148	0.95992179863148	0.95992179863148	0.95992179863148
0.96089931573803	0.96089931573803	0.96089931573803	0.96089931573803
0.96187683284457	0.96187683284457	0.96187683284457	0.96187683284457
0.96285434995112	0.96285434995112	0.96285434995112	0.96285434995112
0.96383186705767	0.96383186705767	0.96383186705767	0.96383186705767
0.96480938416422	0.96480938416422	0.96480938416422	0.96480938416422
0.96578690127077	0.96578690127077	0.96578690127077	0.96578690127077
0.96676441837732	0.96676441837732	0.96676441837732	0.96676441837732
0.96774193548387	0.96774193548387	0.96774193548387	0.96774193548387
0.96871945259042	0.96871945259042	0.96871945259042	0.96871945259042
0.96969696969697	0.96969696969697	0.96969696969697	0.96969696969697
0.97067448680352	0.97067448680352	0.97067448680352	0.97067448680352
0.97165200391007	0.97165200391007	0.97165200391007	0.97165200391007
0.97262952101662	0.97262952101662	0.97262952101662	0.97262952101662
0.97360703812317	0.97360703812317	0.97360703812317	0.97360703812317
0.97458455522972	0.97458455522972	0.97458455522972	0.97458455522972
0.97556207233627	0.97556207233627	0.97556207233627	0.97556207233627
0.97653958944282	0.97653958944282	0.97653958944282	0.97653958944282
0.97751710654936	0.97751710654936	0.97751710654936	0.97751710654936
0.97849462365591	0.97849462365591	0.97849462365591	0.97849462365591
0.97947214076246	0.97947214076246	0.97947214076246	0.97947214076246
0.98044965786901	0.98044965786901	0.98044965786901	0.98044965786901
0.98142717497556	0.98142717497556	0.98142717497556	0.98142717497556
0.98240469208211	0.98240469208211	0.98240469208211	0.98240469208211
0.98338220918866	0.98338220918866	0.98338220918866	0.98338220918866
0.98435972629521	0.98435972629521	0.98435972629521	0.98435972629521
0.98533724340176	0.98533724340176	0.98533724340176	0.98533724340176
0.98631476050831	0.98631476050831	0.98631476050831	0.98631476050831
0.98729227761486	0.98729227761486	0.98729227761486	0.98729227761486
0.98826979472141	0.98826979472141	0.98826979472141	0.98826979472141
0.98924731182796	0.98924731182796	0.98924731182796	0.98924731182796
0.99022482893451	0.99022482893451	0.99022482893451	0.99022482893451
0.99120234604106	0.99120234604106	0.99120234604106	0.99120234604106
0.99217986314761	0.99217986314761	0.99217986314761	0.99217986314761
0.99315738025415	0.99315738025415	0.99315738025415	0.99315738025415
0.99413489736070	0.99413489736070	0.99413489736070	0.99413489736070
0.99511241446725	0.99511241446725	0.99511241446725	0.99511241446725
0.99608993157380	0.99608993157380	0.99608993157380	0.99608993157380
0.99706744868035	0.99706744868035	0.99706744868035	0.99706744868035
0.99804496578690	0.99804496578690	0.99804496578690	0.99804496578690
0.99902248289345	0.99902248289345	0.99902248289345	0.99902248289345
1.00000000000000	1.00000000000000	1.00000000000000	1.00000000000000
END_DATA